#nbCourses
4
#courses
158 160 284 309 
#status
0 3 0 0 
#nbFCourses_short
8
#FCourses_short
0 1 2 3 4 5 6 7 
#FCourse_short Course
0 158
1 158
2 160
3 160
4 284
5 284
6 309
7 309
-1
nbFCourses
40
FCourses
0 1 2 3 4 5 6 7 8 9 10 11 12 13 14 15 16 17 18 19 20 21 22 23 24 25 26 27 28 29 30 31 32 33 34 35 36 37 38 39 
#FCourse Course
0 158
1 158
2 158
3 158
4 158
5 158
6 158
7 158
8 158
9 158
10 160
11 160
12 160
13 160
14 160
15 160
16 160
17 160
18 160
19 160
20 284
21 284
22 284
23 284
24 284
25 284
26 284
27 284
28 284
29 284
30 309
31 309
32 309
33 309
34 309
35 309
36 309
37 309
38 309
39 309
-1
