#nbCourses
4
#courses
14 77 115 275 
#status
0 0 3 0 
#nbFCourses_short
8
#FCourses_short
0 1 2 3 4 5 6 7 
#FCourse_short Course
0 14
1 14
2 77
3 77
4 115
5 115
6 275
7 275
-1
nbFCourses
40
FCourses
0 1 2 3 4 5 6 7 8 9 10 11 12 13 14 15 16 17 18 19 20 21 22 23 24 25 26 27 28 29 30 31 32 33 34 35 36 37 38 39 
#FCourse Course
0 14
1 14
2 14
3 14
4 14
5 14
6 14
7 14
8 14
9 14
10 77
11 77
12 77
13 77
14 77
15 77
16 77
17 77
18 77
19 77
20 115
21 115
22 115
23 115
24 115
25 115
26 115
27 115
28 115
29 115
30 275
31 275
32 275
33 275
34 275
35 275
36 275
37 275
38 275
39 275
-1
