#nbCourses
4
#courses
4 110 174 299 
#status
0 0 0 0 
#nbFCourses_short
8
#FCourses_short
0 1 2 3 4 5 6 7 
#FCourse_short Course
0 4
1 4
2 110
3 110
4 174
5 174
6 299
7 299
-1
nbFCourses
40
FCourses
0 1 2 3 4 5 6 7 8 9 10 11 12 13 14 15 16 17 18 19 20 21 22 23 24 25 26 27 28 29 30 31 32 33 34 35 36 37 38 39 
#FCourse Course
0 4
1 4
2 4
3 4
4 4
5 4
6 4
7 4
8 4
9 4
10 110
11 110
12 110
13 110
14 110
15 110
16 110
17 110
18 110
19 110
20 174
21 174
22 174
23 174
24 174
25 174
26 174
27 174
28 174
29 174
30 299
31 299
32 299
33 299
34 299
35 299
36 299
37 299
38 299
39 299
-1
