#nbCourses
4
#courses
10 134 277 303 
#status
0 0 0 0 
#nbFCourses_short
8
#FCourses_short
0 1 2 3 4 5 6 7 
#FCourse_short Course
0 10
1 10
2 134
3 134
4 277
5 277
6 303
7 303
-1
nbFCourses
40
FCourses
0 1 2 3 4 5 6 7 8 9 10 11 12 13 14 15 16 17 18 19 20 21 22 23 24 25 26 27 28 29 30 31 32 33 34 35 36 37 38 39 
#FCourse Course
0 10
1 10
2 10
3 10
4 10
5 10
6 10
7 10
8 10
9 10
10 134
11 134
12 134
13 134
14 134
15 134
16 134
17 134
18 134
19 134
20 277
21 277
22 277
23 277
24 277
25 277
26 277
27 277
28 277
29 277
30 303
31 303
32 303
33 303
34 303
35 303
36 303
37 303
38 303
39 303
-1
