#nbCourses
4
#courses
102 177 209 302 
#status
0 0 0 0 
#nbFCourses_short
8
#FCourses_short
0 1 2 3 4 5 6 7 
#FCourse_short Course
0 102
1 102
2 177
3 177
4 209
5 209
6 302
7 302
-1
nbFCourses
40
FCourses
0 1 2 3 4 5 6 7 8 9 10 11 12 13 14 15 16 17 18 19 20 21 22 23 24 25 26 27 28 29 30 31 32 33 34 35 36 37 38 39 
#FCourse Course
0 102
1 102
2 102
3 102
4 102
5 102
6 102
7 102
8 102
9 102
10 177
11 177
12 177
13 177
14 177
15 177
16 177
17 177
18 177
19 177
20 209
21 209
22 209
23 209
24 209
25 209
26 209
27 209
28 209
29 209
30 302
31 302
32 302
33 302
34 302
35 302
36 302
37 302
38 302
39 302
-1
