#nbCourses
4
#courses
75 113 288 328 
#status
0 3 0 0 
#nbFCourses_short
8
#FCourses_short
0 1 2 3 4 5 6 7 
#FCourse_short Course
0 75
1 75
2 113
3 113
4 288
5 288
6 328
7 328
-1
nbFCourses
40
FCourses
0 1 2 3 4 5 6 7 8 9 10 11 12 13 14 15 16 17 18 19 20 21 22 23 24 25 26 27 28 29 30 31 32 33 34 35 36 37 38 39 
#FCourse Course
0 75
1 75
2 75
3 75
4 75
5 75
6 75
7 75
8 75
9 75
10 113
11 113
12 113
13 113
14 113
15 113
16 113
17 113
18 113
19 113
20 288
21 288
22 288
23 288
24 288
25 288
26 288
27 288
28 288
29 288
30 328
31 328
32 328
33 328
34 328
35 328
36 328
37 328
38 328
39 328
-1
