#nbCourses
4
#courses
159 161 285 310 
#status
0 3 0 0 
#nbFCourses_short
8
#FCourses_short
0 1 2 3 4 5 6 7 
#FCourse_short Course
0 159
1 159
2 161
3 161
4 285
5 285
6 310
7 310
-1
nbFCourses
40
FCourses
0 1 2 3 4 5 6 7 8 9 10 11 12 13 14 15 16 17 18 19 20 21 22 23 24 25 26 27 28 29 30 31 32 33 34 35 36 37 38 39 
#FCourse Course
0 159
1 159
2 159
3 159
4 159
5 159
6 159
7 159
8 159
9 159
10 161
11 161
12 161
13 161
14 161
15 161
16 161
17 161
18 161
19 161
20 285
21 285
22 285
23 285
24 285
25 285
26 285
27 285
28 285
29 285
30 310
31 310
32 310
33 310
34 310
35 310
36 310
37 310
38 310
39 310
-1
