#nbCourses
4
#courses
114 135 210 304 
#status
0 0 0 0 
#nbFCourses_short
8
#FCourses_short
0 1 2 3 4 5 6 7 
#FCourse_short Course
0 114
1 114
2 135
3 135
4 210
5 210
6 304
7 304
-1
nbFCourses
40
FCourses
0 1 2 3 4 5 6 7 8 9 10 11 12 13 14 15 16 17 18 19 20 21 22 23 24 25 26 27 28 29 30 31 32 33 34 35 36 37 38 39 
#FCourse Course
0 114
1 114
2 114
3 114
4 114
5 114
6 114
7 114
8 114
9 114
10 135
11 135
12 135
13 135
14 135
15 135
16 135
17 135
18 135
19 135
20 210
21 210
22 210
23 210
24 210
25 210
26 210
27 210
28 210
29 210
30 304
31 304
32 304
33 304
34 304
35 304
36 304
37 304
38 304
39 304
-1
