#nbCourses
4
#courses
135 137 138 139 
#status
1 2 1 3 
#nbFCourses_short
8
#FCourses_short
0 1 2 3 4 5 6 7 
#FCourse_short Course
0 135
1 135
2 137
3 137
4 138
5 138
6 139
7 139
-1
nbFCourses
40
FCourses
0 1 2 3 4 5 6 7 8 9 10 11 12 13 14 15 16 17 18 19 20 21 22 23 24 25 26 27 28 29 30 31 32 33 34 35 36 37 38 39 
#FCourse Course
0 135
1 135
2 135
3 135
4 135
5 135
6 135
7 135
8 135
9 135
10 137
11 137
12 137
13 137
14 137
15 137
16 137
17 137
18 137
19 137
20 138
21 138
22 138
23 138
24 138
25 138
26 138
27 138
28 138
29 138
30 139
31 139
32 139
33 139
34 139
35 139
36 139
37 139
38 139
39 139
-1
