#nbCourses
4
#courses
145 147 148 149 
#status
1 2 0 3 
#nbFCourses_short
8
#FCourses_short
0 1 2 3 4 5 6 7 
#FCourse_short Course
0 145
1 145
2 147
3 147
4 148
5 148
6 149
7 149
-1
nbFCourses
40
FCourses
0 1 2 3 4 5 6 7 8 9 10 11 12 13 14 15 16 17 18 19 20 21 22 23 24 25 26 27 28 29 30 31 32 33 34 35 36 37 38 39 
#FCourse Course
0 145
1 145
2 145
3 145
4 145
5 145
6 145
7 145
8 145
9 145
10 147
11 147
12 147
13 147
14 147
15 147
16 147
17 147
18 147
19 147
20 148
21 148
22 148
23 148
24 148
25 148
26 148
27 148
28 148
29 148
30 149
31 149
32 149
33 149
34 149
35 149
36 149
37 149
38 149
39 149
-1
