#nbClass
31
#class
1	SE1007
2	SE1008
3	SE1009
4	SE1010
5	SE1011
6	SE1012
7	SE1013
8	EC1003
9	IA1003
10	GD1002
11	SE1004
12	SE1005
13	SE1006
14	EC1002
15	IA1002
16	GD1001
17	BA1002
18	FB1002
19	SE1001
20	SE1002
21	SE1003
22	EC1001
23	IA1001
24	BA1001
25	FB1001
26	IBA1001
27	FIN0803
28	COF0803
29	COB0803
30	IBA0902
31	MKT0902
-1
#nbCourse
51
#course
1	ACC101
2	AET101/HOD101
3	AFA201
4	CEA201
5	CEC201
6	CHN111
7	CHN122
8	CHN132
9	CSD201
10	CSD202
11	CSI101
12	DBI202
13	DGT202
14	DRF201
15	DRP101
16	DRS101
17	ECO121
18	EEA211
19	ENL111
20	ENL112
21	ENM201
22	FIN201
23	FIN202
24	GDF101
25	HOA101
26	IAO201
27	JPD111
28	LAB101
29	LAB211
30	MAC102
31	MAD101
32	MAE101
33	MKT101
34	OBE101
35	OSG202
36	PHY101
37	PRF192
38	PRJ311
39	PRO192
40	PRO201
41	SSG101
42	VCM201
43	FIN303
44	FIN301
45	MAS201
46	ENM301
47	BKG201
48	MKT301
49	SSC101
50	MKT202
51	ENM401
-1 
#nbClassCourse
148
#class-course	#course	#class	#status
0	11	1	0
1	41	1	0
2	32	1	0
3	4	1	0
4	37	1	3
5	11	2	0
6	41	2	0
7	32	2	0
8	4	2	0
9	37	2	3
10	11	3	0
11	41	3	0
12	32	3	0
13	4	3	0
14	37	3	3
15	11	4	0
16	41	4	0
17	32	4	0
18	4	4	0
19	37	4	3
20	11	5	0
21	41	5	0
22	32	5	0
23	4	5	0
24	37	5	3
25	11	6	0
26	41	6	0
27	32	6	0
28	4	6	0
29	37	6	3
30	11	7	0
31	41	7	0
32	32	7	0
33	4	7	0
34	37	7	3
35	32	8	0
36	11	8	0
37	4	8	0
38	37	8	0
39	36	8	3
40	11	9	0
41	41	9	0
42	32	9	0
43	4	9	0
44	37	9	3
45	16	10	1
46	25	10	0
47	15	10	2
48	2	10	0
49	19	10	3
50	40	11	0
51	39	11	0
52	12	11	0
53	32	11	0
54	28	11	3
55	40	12	0
56	39	12	0
57	12	12	0
58	32	12	0
59	28	12	3
60	40	13	0
61	39	13	0
62	12	13	0
63	32	13	0
64	28	13	3
65	40	14	0
66	31	14	0
67	39	14	0
68	5	14	0
69	28	14	3
70	14	15	0
71	3	15	0
72	24	15	0
73	42	15	0
74	20	15	3
75	14	16	2
76	3	16	1
77	24	16	0
78	42	16	0
79	20	16	3
80	1	17	0
81	17	17	0
82	30	17	0
83	20	17	0
84	34	17	3
85	1	18	0
86	17	18	0
87	30	18	0
88	20	18	0
89	34	18	3
90	27	19	0
91	35	19	0
92	9	19	0
93	38	19	0
94	29	19	3
95	27	20	0
96	35	20	0
97	9	20	0
98	38	20	0
99	29	20	3
100	27	21	0
101	35	21	0
102	9	21	0
103	38	21	0
104	29	21	3
105	18	22	0
106	13	22	0
110	26	23	0
111	35	23	0
112	10	23	0
113	38	23	0
114	29	23	3
115	22	24	0
116	23	24	0
117	33	24	0
118	21	24	0
119	6	24	3
120	22	25	0
121	23	25	0
122	33	25	0
123	21	25	0
124	6	25	3
125	22	26	0
126	23	26	0
127	33	26	0
128	21	26	0
129	6	26	3
130	43	27	0
131	44	27	0
132	45	27	0
133	46	27	0
134	7	27	3
135	43	28	0
137	45	28	0
138	46	28	0
139	7	28	3
142	46	29	0
143	47	29	0
144	7	29	3
145	49	30	0
147	48	30	0
148	20	30	0
149	8	30	3
150	49	31	0
151	50	31	0
152	48	31	0
153	51	31	0
154	8	31	3
-1