#fragmentIndex #classCourseID
0 0
1 0
2 0
3 0
4 0
5 0
6 0
7 0
8 0
9 0
10 1
11 1
12 1
13 1
14 1
15 1
16 1
17 1
18 1
19 1
20 2
21 2
22 2
23 2
24 2
25 2
26 2
27 2
28 2
29 2
30 3
31 3
32 3
33 3
34 3
35 3
36 3
37 3
38 3
39 3
40 4
41 4
42 4
43 4
44 4
45 4
46 4
47 4
48 4
49 4
50 5
51 5
52 5
53 5
54 5
55 5
56 5
57 5
58 5
59 5
60 6
61 6
62 6
63 6
64 6
65 6
66 6
67 6
68 6
69 6
70 7
71 7
72 7
73 7
74 7
75 7
76 7
77 7
78 7
79 7
80 8
81 8
82 8
83 8
84 8
85 8
86 8
87 8
88 8
89 8
90 9
91 9
92 9
93 9
94 9
95 9
96 9
97 9
98 9
99 9
100 10
101 10
102 10
103 10
104 10
105 10
106 10
107 10
108 10
109 10
110 11
111 11
112 11
113 11
114 11
115 11
116 11
117 11
118 11
119 11
120 12
121 12
122 12
123 12
124 12
125 12
126 12
127 12
128 12
129 12
130 13
131 13
132 13
133 13
134 13
135 13
136 13
137 13
138 13
139 13
140 14
141 14
142 14
143 14
144 14
145 14
146 14
147 14
148 14
149 14
150 15
151 15
152 15
153 15
154 15
155 15
156 15
157 15
158 15
159 15
160 16
161 16
162 16
163 16
164 16
165 16
166 16
167 16
168 16
169 16
170 17
171 17
172 17
173 17
174 17
175 17
176 17
177 17
178 17
179 17
180 18
181 18
182 18
183 18
184 18
185 18
186 18
187 18
188 18
189 18
190 19
191 19
192 19
193 19
194 19
195 19
196 19
197 19
198 19
199 19
200 20
201 20
202 20
203 20
204 20
205 20
206 20
207 20
208 20
209 20
210 21
211 21
212 21
213 21
214 21
215 21
216 21
217 21
218 21
219 21
220 22
221 22
222 22
223 22
224 22
225 22
226 22
227 22
228 22
229 22
230 23
231 23
232 23
233 23
234 23
235 23
236 23
237 23
238 23
239 23
240 24
241 24
242 24
243 24
244 24
245 24
246 24
247 24
248 24
249 24
250 25
251 25
252 25
253 25
254 25
255 25
256 25
257 25
258 25
259 25
260 26
261 26
262 26
263 26
264 26
265 26
266 26
267 26
268 26
269 26
270 27
271 27
272 27
273 27
274 27
275 27
276 27
277 27
278 27
279 27
280 28
281 28
282 28
283 28
284 28
285 28
286 28
287 28
288 28
289 28
290 29
291 29
292 29
293 29
294 29
295 29
296 29
297 29
298 29
299 29
300 30
301 30
302 30
303 30
304 30
305 30
306 30
307 30
308 30
309 30
310 31
311 31
312 31
313 31
314 31
315 31
316 31
317 31
318 31
319 31
320 32
321 32
322 32
323 32
324 32
325 32
326 32
327 32
328 32
329 32
330 33
331 33
332 33
333 33
334 33
335 33
336 33
337 33
338 33
339 33
340 34
341 34
342 34
343 34
344 34
345 34
346 34
347 34
348 34
349 34
350 35
351 35
352 35
353 35
354 35
355 35
356 35
357 35
358 35
359 35
360 36
361 36
362 36
363 36
364 36
365 36
366 36
367 36
368 36
369 36
370 37
371 37
372 37
373 37
374 37
375 37
376 37
377 37
378 37
379 37
380 38
381 38
382 38
383 38
384 38
385 38
386 38
387 38
388 38
389 38
390 39
391 39
392 39
393 39
394 39
395 39
396 39
397 39
398 39
399 39
400 40
401 40
402 40
403 40
404 40
405 40
406 40
407 40
408 40
409 40
410 41
411 41
412 41
413 41
414 41
415 41
416 41
417 41
418 41
419 41
420 42
421 42
422 42
423 42
424 42
425 42
426 42
427 42
428 42
429 42
430 43
431 43
432 43
433 43
434 43
435 43
436 43
437 43
438 43
439 43
440 44
441 44
442 44
443 44
444 44
445 44
446 44
447 44
448 44
449 44
450 45
451 45
452 45
453 45
454 45
455 45
456 45
457 45
458 45
459 45
460 46
461 46
462 46
463 46
464 46
465 46
466 46
467 46
468 46
469 46
470 47
471 47
472 47
473 47
474 47
475 47
476 47
477 47
478 47
479 47
480 48
481 48
482 48
483 48
484 48
485 48
486 48
487 48
488 48
489 48
490 49
491 49
492 49
493 49
494 49
495 49
496 49
497 49
498 49
499 49
500 50
501 50
502 50
503 50
504 50
505 50
506 50
507 50
508 50
509 50
510 51
511 51
512 51
513 51
514 51
515 51
516 51
517 51
518 51
519 51
520 52
521 52
522 52
523 52
524 52
525 52
526 52
527 52
528 52
529 52
530 53
531 53
532 53
533 53
534 53
535 53
536 53
537 53
538 53
539 53
540 54
541 54
542 54
543 54
544 54
545 54
546 54
547 54
548 54
549 54
550 55
551 55
552 55
553 55
554 55
555 55
556 55
557 55
558 55
559 55
560 56
561 56
562 56
563 56
564 56
565 56
566 56
567 56
568 56
569 56
570 57
571 57
572 57
573 57
574 57
575 57
576 57
577 57
578 57
579 57
580 58
581 58
582 58
583 58
584 58
585 58
586 58
587 58
588 58
589 58
590 59
591 59
592 59
593 59
594 59
595 59
596 59
597 59
598 59
599 59
600 60
601 60
602 60
603 60
604 60
605 60
606 60
607 60
608 60
609 60
610 61
611 61
612 61
613 61
614 61
615 61
616 61
617 61
618 61
619 61
620 62
621 62
622 62
623 62
624 62
625 62
626 62
627 62
628 62
629 62
630 63
631 63
632 63
633 63
634 63
635 63
636 63
637 63
638 63
639 63
640 64
641 64
642 64
643 64
644 64
645 64
646 64
647 64
648 64
649 64
650 65
651 65
652 65
653 65
654 65
655 65
656 65
657 65
658 65
659 65
660 66
661 66
662 66
663 66
664 66
665 66
666 66
667 66
668 66
669 66
670 67
671 67
672 67
673 67
674 67
675 67
676 67
677 67
678 67
679 67
680 68
681 68
682 68
683 68
684 68
685 68
686 68
687 68
688 68
689 68
690 69
691 69
692 69
693 69
694 69
695 69
696 69
697 69
698 69
699 69
700 70
701 70
702 70
703 70
704 70
705 70
706 70
707 70
708 70
709 70
710 71
711 71
712 71
713 71
714 71
715 71
716 71
717 71
718 71
719 71
720 72
721 72
722 72
723 72
724 72
725 72
726 72
727 72
728 72
729 72
730 73
731 73
732 73
733 73
734 73
735 73
736 73
737 73
738 73
739 73
740 74
741 74
742 74
743 74
744 74
745 74
746 74
747 74
748 74
749 74
750 75
751 75
752 75
753 75
754 75
755 75
756 75
757 75
758 75
759 75
760 76
761 76
762 76
763 76
764 76
765 76
766 76
767 76
768 76
769 76
770 77
771 77
772 77
773 77
774 77
775 77
776 77
777 77
778 77
779 77
780 78
781 78
782 78
783 78
784 78
785 78
786 78
787 78
788 78
789 78
790 79
791 79
792 79
793 79
794 79
795 79
796 79
797 79
798 79
799 79
800 80
801 80
802 80
803 80
804 80
805 80
806 80
807 80
808 80
809 80
810 81
811 81
812 81
813 81
814 81
815 81
816 81
817 81
818 81
819 81
820 82
821 82
822 82
823 82
824 82
825 82
826 82
827 82
828 82
829 82
830 83
831 83
832 83
833 83
834 83
835 83
836 83
837 83
838 83
839 83
840 84
841 84
842 84
843 84
844 84
845 84
846 84
847 84
848 84
849 84
850 85
851 85
852 85
853 85
854 85
855 85
856 85
857 85
858 85
859 85
860 86
861 86
862 86
863 86
864 86
865 86
866 86
867 86
868 86
869 86
870 87
871 87
872 87
873 87
874 87
875 87
876 87
877 87
878 87
879 87
880 88
881 88
882 88
883 88
884 88
885 88
886 88
887 88
888 88
889 88
890 89
891 89
892 89
893 89
894 89
895 89
896 89
897 89
898 89
899 89
900 90
901 90
902 90
903 90
904 90
905 90
906 90
907 90
908 90
909 90
910 91
911 91
912 91
913 91
914 91
915 91
916 91
917 91
918 91
919 91
920 92
921 92
922 92
923 92
924 92
925 92
926 92
927 92
928 92
929 92
930 93
931 93
932 93
933 93
934 93
935 93
936 93
937 93
938 93
939 93
940 94
941 94
942 94
943 94
944 94
945 94
946 94
947 94
948 94
949 94
950 95
951 95
952 95
953 95
954 95
955 95
956 95
957 95
958 95
959 95
960 96
961 96
962 96
963 96
964 96
965 96
966 96
967 96
968 96
969 96
970 97
971 97
972 97
973 97
974 97
975 97
976 97
977 97
978 97
979 97
980 98
981 98
982 98
983 98
984 98
985 98
986 98
987 98
988 98
989 98
990 99
991 99
992 99
993 99
994 99
995 99
996 99
997 99
998 99
999 99
1000 100
1001 100
1002 100
1003 100
1004 100
1005 100
1006 100
1007 100
1008 100
1009 100
1010 101
1011 101
1012 101
1013 101
1014 101
1015 101
1016 101
1017 101
1018 101
1019 101
1020 102
1021 102
1022 102
1023 102
1024 102
1025 102
1026 102
1027 102
1028 102
1029 102
1030 103
1031 103
1032 103
1033 103
1034 103
1035 103
1036 103
1037 103
1038 103
1039 103
1040 104
1041 104
1042 104
1043 104
1044 104
1045 104
1046 104
1047 104
1048 104
1049 104
1050 105
1051 105
1052 105
1053 105
1054 105
1055 105
1056 105
1057 105
1058 105
1059 105
1060 106
1061 106
1062 106
1063 106
1064 106
1065 106
1066 106
1067 106
1068 106
1069 106
1070 110
1071 110
1072 110
1073 110
1074 110
1075 110
1076 110
1077 110
1078 110
1079 110
1080 111
1081 111
1082 111
1083 111
1084 111
1085 111
1086 111
1087 111
1088 111
1089 111
1090 112
1091 112
1092 112
1093 112
1094 112
1095 112
1096 112
1097 112
1098 112
1099 112
1100 113
1101 113
1102 113
1103 113
1104 113
1105 113
1106 113
1107 113
1108 113
1109 113
1110 114
1111 114
1112 114
1113 114
1114 114
1115 114
1116 114
1117 114
1118 114
1119 114
1120 115
1121 115
1122 115
1123 115
1124 115
1125 115
1126 115
1127 115
1128 115
1129 115
1130 116
1131 116
1132 116
1133 116
1134 116
1135 116
1136 116
1137 116
1138 116
1139 116
1140 117
1141 117
1142 117
1143 117
1144 117
1145 117
1146 117
1147 117
1148 117
1149 117
1150 118
1151 118
1152 118
1153 118
1154 118
1155 118
1156 118
1157 118
1158 118
1159 118
1160 119
1161 119
1162 119
1163 119
1164 119
1165 119
1166 119
1167 119
1168 119
1169 119
1170 120
1171 120
1172 120
1173 120
1174 120
1175 120
1176 120
1177 120
1178 120
1179 120
1180 121
1181 121
1182 121
1183 121
1184 121
1185 121
1186 121
1187 121
1188 121
1189 121
1190 122
1191 122
1192 122
1193 122
1194 122
1195 122
1196 122
1197 122
1198 122
1199 122
1200 123
1201 123
1202 123
1203 123
1204 123
1205 123
1206 123
1207 123
1208 123
1209 123
1210 124
1211 124
1212 124
1213 124
1214 124
1215 124
1216 124
1217 124
1218 124
1219 124
1220 125
1221 125
1222 125
1223 125
1224 125
1225 125
1226 125
1227 125
1228 125
1229 125
1230 126
1231 126
1232 126
1233 126
1234 126
1235 126
1236 126
1237 126
1238 126
1239 126
1240 127
1241 127
1242 127
1243 127
1244 127
1245 127
1246 127
1247 127
1248 127
1249 127
1250 128
1251 128
1252 128
1253 128
1254 128
1255 128
1256 128
1257 128
1258 128
1259 128
1260 129
1261 129
1262 129
1263 129
1264 129
1265 129
1266 129
1267 129
1268 129
1269 129
1270 130
1271 130
1272 130
1273 130
1274 130
1275 130
1276 130
1277 130
1278 130
1279 130
1280 131
1281 131
1282 131
1283 131
1284 131
1285 131
1286 131
1287 131
1288 131
1289 131
1290 132
1291 132
1292 132
1293 132
1294 132
1295 132
1296 132
1297 132
1298 132
1299 132
1300 133
1301 133
1302 133
1303 133
1304 133
1305 133
1306 133
1307 133
1308 133
1309 133
1310 134
1311 134
1312 134
1313 134
1314 134
1315 134
1316 134
1317 134
1318 134
1319 134
1320 135
1321 135
1322 135
1323 135
1324 135
1325 135
1326 135
1327 135
1328 135
1329 135
1330 137
1331 137
1332 137
1333 137
1334 137
1335 137
1336 137
1337 137
1338 137
1339 137
1340 138
1341 138
1342 138
1343 138
1344 138
1345 138
1346 138
1347 138
1348 138
1349 138
1350 139
1351 139
1352 139
1353 139
1354 139
1355 139
1356 139
1357 139
1358 139
1359 139
1360 142
1361 142
1362 142
1363 142
1364 142
1365 142
1366 142
1367 142
1368 142
1369 142
1370 143
1371 143
1372 143
1373 143
1374 143
1375 143
1376 143
1377 143
1378 143
1379 143
1380 144
1381 144
1382 144
1383 144
1384 144
1385 144
1386 144
1387 144
1388 144
1389 144
1390 145
1391 145
1392 145
1393 145
1394 145
1395 145
1396 145
1397 145
1398 145
1399 145
1400 147
1401 147
1402 147
1403 147
1404 147
1405 147
1406 147
1407 147
1408 147
1409 147
1410 148
1411 148
1412 148
1413 148
1414 148
1415 148
1416 148
1417 148
1418 148
1419 148
1420 149
1421 149
1422 149
1423 149
1424 149
1425 149
1426 149
1427 149
1428 149
1429 149
1430 150
1431 150
1432 150
1433 150
1434 150
1435 150
1436 150
1437 150
1438 150
1439 150
1440 151
1441 151
1442 151
1443 151
1444 151
1445 151
1446 151
1447 151
1448 151
1449 151
1450 152
1451 152
1452 152
1453 152
1454 152
1455 152
1456 152
1457 152
1458 152
1459 152
1460 153
1461 153
1462 153
1463 153
1464 153
1465 153
1466 153
1467 153
1468 153
1469 153
1470 154
1471 154
1472 154
1473 154
1474 154
1475 154
1476 154
1477 154
1478 154
1479 154
-1
